version https://git-lfs.github.com/spec/v1
oid sha256:f9ec4ed22fc6b0c3046e96b78a78e4e81b1a778db4d7a1ca2c4a331d2cea6bfe
size 10718
